1 36.7539 3.0589
2 35.6969 -0.6331
3 36.3650 6.6147
4 36.4722 2.8333
5 35.5500 6.1667
6 36.1900 5.4100
7 34.6667 3.2500
8 36.9000 7.7667
9 35.2000 -0.6333
10 34.8500 5.7333
11 35.4000 8.1167
12 35.3667 1.3167
13 36.7511 5.0642
14 34.8828 -1.3167
15 36.0667 4.7667
16 31.6333 -2.2000
17 36.8667 6.9000
18 36.2864 7.9511
19 36.1647 1.3317
20 35.7058 4.5419
21 35.9333 0.0833
22 36.2675 2.7500
23 36.7169 4.0497
24 33.3683 6.8675
25 33.8000 2.8650
26 31.9500 5.3167
27 36.8206 5.7667
28 35.7372 0.5558
29 34.8303 0.1517
30 36.4619 7.4258
31 32.4833 3.6667
32 35.4000 0.1333
33 35.4167 7.1333
34 35.8706 7.1150
35 33.6831 1.0192
36 22.7850 5.5228
37 35.3044 -1.1400
38 35.6072 1.8106
39 36.3800 3.9014
40 27.8742 -0.2939
41 27.6753 -8.1286
42 36.7603 3.4724
43 30.6000 2.9000
44 33.1000 6.0667
45 29.2500 0.2333
46 27.1936 2.4606
47 36.7669 8.3136
48 36.5942 2.4430
49 26.5080 8.4829
50 21.3289 0.9542
51 33.2678 -0.3111
52 24.5550 9.4853
53 30.0800 -2.1000
54 19.5686 5.7722
55 36.2583 1.9583
56 36.4481 6.2622
57 34.4167 5.0667
58 33.9506 5.9242